3906442735
2971973848
-23827970
2434065259
6045415305
2024476984
1192187186
8255763529
6224577831
2546555699
3201932843
11046902885
1036484730
5426289197
2557211841
2540500230
5968145120
1700585093
2540500230
9952498152
7142081729
1000831408
6652681433
1021834714
9219315528
2143237496
4292340773
4640501686
2054867322
2869077356
1597554068
-79382505
8449216059
5407956539
-24191573
879383953
7056760409
8790615404
3942033981
1434646284
8039401059
2805666085
2845853711
4240312369
7555486274
8972055664
5691194403
-216362470
4987356338
9349891097
2775009927
3252255416
306766764
85170911
7143966824
4039994176
-23827970
6989487430
6407070690
1489244654
1426110346
1397637110
758200885
7713822485
8554220930
5336492639
5356175316
2869077356
4981446354
6780929349
7144607153
12393837687
3174964344
5282321136
1750064286
9174634757
8797601944
