1
54
119997161 35191360 138717025 450594781 12825089 98372366 451303975 439963273 105179314 434371009 336904177 489686581 969431546 623452333 171971821 437736616 77644573 27695617 47690371 335525926 264470719 367429261 58704427 244088669 89774801 66584776 794037133 208894852 251719269 91663119 179823785 279066591 270280462 207299247 275464779 34877615 782176177 104676841 230288593 200615012 21236967 138780598 184173676 58755297 67003301 1682998 217429030 86519563 48687583 481203391 431400571 308335258 452682373 308083841 
27
33 38
18 22
18 50
30 35
27 35
19 49
27 37
1 42
3 45
35 38
7 10
5 52
30 52
21 37
7 43
48 51
21 38
7 13
27 38
11 26
7 22
27 31
49 51
26 33
0 7
46 50
10 19
